1691881201,0.6,42651,25
1691884802,23.4,47529,286
1691888401,2.4,100147,19
1691892001,2.4,90561,23
1691895602,0,41952,8
1691899202,2.4,96473,21
1691902801,3.6,84220,27
1691906401,1.2,54142,30
1691910001,1.8,54707,30
1691913602,0,41976,8
1691917201,5.4,72687,50
1691924401,0,41976,8
1691928001,3.6,83667,19
1691931601,1.2,73673,12
1691935201,0.6,72223,12
1691938801,6,50911,121
1691942402,1.2,70058,13
1691946002,0,41976,8
1691949602,1.8,91475,15
1691953201,0,41976,8
1691956801,1.2,74544,13
1691960401,0,40459,9
1691964001,1.8,45306,43
1691967601,0.6,35616,38
1691971201,1.2,73705,12
1691974802,0,41976,8
1691978401,1.8,62854,20
1691982001,0.6,73695,12
1691985601,0,41976,8
1691989202,0,41976,8
1691992801,0.6,42012,26
1691996402,2.4,63340,35
1692000001,1.2,72289,12
1692003601,0,40459,9
1692007201,0,41976,8
1692010801,0,41976,8
1692018001,1.2,44794,40
1692021601,1.2,73727,12
1692025201,1.2,66331,16
1692028802,0,41976,8
1692032401,53.4,48128,210
1692036001,32.4,44550,258
1692039601,49.2,49088,247
1692043201,43.8,44898,308
1692046801,37.8,45588,314
1692050401,43.2,46249,244
1692054002,5.4,73821,24
1692057601,0,41976,8
1692061202,0,41976,8
1692064801,1.8,69100,15
1692068401,1.8,72328,12
1692072002,1.8,71492,13
1692075601,2.4,86983,17
1692079201,1.8,54158,30
1692082802,0.6,42016,26
1692090001,1.2,71011,12
1692093601,0,41976,8
1692097201,0,41976,8
1692100801,1.8,73350,13
1692104402,1.2,35505,37
1692108001,2.4,69637,14
1692111601,8.4,51545,53
1692115202,48.6,47594,184
1692118801,126.6,46648,236
1692122401,9.6,49978,72
1692126002,58.2,52997,212
1692129601,61.8,49217,303
1692133201,1.8,71080,12
1692136801,3.6,76627,22
1692140401,3,62989,19
1692144001,0,41976,8
1692147601,0,41976,8
1692151201,0,41949,10
1692154801,0,41976,8
1692158401,3.6,90239,16
1692162001,0,41976,8
1692165601,3,64022,34
1692169201,0.6,42016,26
1692172801,1.8,71612,13
1692176401,0,40459,9
1692180001,0,41976,8
1692187201,0.6,42459,10
1692190801,4.8,77785,22
1692194401,1.2,70294,13
1692198001,1.8,68005,15
1692201601,1.8,69701,14
1692205201,1.8,74998,11
1692208801,0,41976,8
1692212401,0,41976,8
1692216001,33.6,47590,177
1692219602,55.2,46181,351
1692223201,286.8,8427,5027
1692226801,79.8,54313,149
1692230402,2.4,71652,13
1692234002,15,58725,47
1692237601,4.2,66995,17
1692241201,11.4,69377,32
1692244801,0,41976,8
1692248401,0,41976,8
1692252001,0.6,42012,26
1692255601,0.6,42016,26
1692259201,3.6,67369,15
1692266401,0,41976,8
1692270001,0,41976,8
1692273601,0.6,74889,11
1692277201,12,74349,29
1692280801,63,54148,194
1692284401,27,58360,95
1692288001,0,41976,8
1692291601,96.6,43672,272
1692295201,245.4,49835,586
1692298801,11.4,57077,44
1692302402,21.6,77309,65
1692306002,10.8,88330,35
1692309601,10.2,59002,62
1692313201,0,41976,8
1692316802,44.4,60599,168
1692320401,22.8,63698,72
1692324001,157.8,52936,276
1692327601,0,41976,8
1692331201,0,41976,8
1692334801,0,41976,8
1692338401,3,54832,33
1692342001,0.6,42016,26
1692345601,4.8,70227,15
1692349201,0,40459,9
1692352801,3,62001,21
1692356401,0,41976,8
1692360001,6.6,77716,24
1692367202,2.4,70775,14
1692370801,4.8,82321,20
1692374401,1.8,73780,12
1692378001,0,41976,8
1692381602,0,41976,8
1692385201,4.8,61366,29
1692388801,11.4,64863,44
1692392401,0,40459,9
1692396001,14.4,62502,80
1692399601,3,62673,23
1692403202,3,72043,14
1692406801,0,41976,8
1692410401,0,41949,10
1692414002,3,70592,15
1692417601,4.2,65710,19
1692421201,6,96588,22
1692424801,0.6,42012,26
1692428401,0.6,42015,26
1692432001,2.4,70846,14
1692435601,2.4,64975,18
1692439201,0,41976,8
1692442802,3,71568,13
1692450001,0.6,35463,37
1692453601,0,41976,8
1692457202,0,41976,8
1692460801,3,71302,14
1692464401,0,41976,8
1692468001,0,41976,8
1692471602,1.8,75237,12
1692475202,2.4,72867,15
1692478801,0,40459,9
1692482401,2.4,65022,18
1692486001,0,41976,8
1692489602,0,41976,8
1692493201,0,41976,8
1692496801,3,68652,16
1692500401,0,41976,8
1692504001,2.4,70160,15
1692507601,1.8,71573,13
1692511201,0.6,42012,26
1692514801,0.6,42016,26
1692518401,0,41976,8
1692522001,0,40459,9
1692529201,0,41976,8
1692532801,0,41976,8
1692536401,0,41976,8
1692540001,0,41976,8
1692543601,5.4,69619,17
1692547201,0,41976,8
1692550801,2.4,75187,12
1692554401,1.8,73749,12
1692558001,0,41976,8
1692561601,10.2,64705,25
1692565201,0,40684,11
1692568801,0.6,35379,37
1692572401,2.4,71497,13
1692576001,4.2,58166,30
1692579601,2.4,72796,13
1692583202,1.8,69211,14
1692586802,2.4,67511,16
1692590402,0,41976,8
1692594001,0,41976,8
1692597602,0.6,42012,26
1692601201,2.4,54404,31
1692604801,1.8,69052,15
1692612001,0,41976,8
1692615601,0,41976,8
1692619201,0,41976,8
1692622802,0.6,35472,37
1692626402,0,41976,8
1692630001,0,41976,8
1692633601,0,41976,8
1692637201,0,41976,8
1692640801,3.6,70623,15
1692644401,72,50036,303
1692648001,145.8,49657,525
1692651602,84,54040,304
1692655202,183.6,50990,447
1692658801,18.6,73626,62
1692662401,3,70808,14
1692666001,3,67569,17
1692669602,0,41949,10
1692673201,3.6,63892,19
1692676801,0,41976,8
1692680401,6,85232,19
1692684001,0.6,42011,26
1692687601,0.6,42015,26
1692691201,0,41976,8
1692698401,2.4,69601,14
1692702001,3,70162,15
1692705601,0,41976,8
1692709202,0,41976,8
1692712801,0,41976,8
1692716401,0,41976,8
1692720002,0,41972,8
1692723601,0,41976,8
1692727201,0,41976,8
1692730801,0,41972,8
1692734401,8.4,68620,17
1692738001,0,40459,9
1692741602,1.2,35378,37
1692745201,3.6,68616,16
1692748802,3,70651,15
1692752401,2.4,70802,14
1692756001,0,41949,10
1692759601,0,41976,8
1692763202,8.4,78235,24
1692766801,0,41972,8
1692770402,0.6,42012,26
1692774001,7.8,64231,37
1692777601,2.4,70841,14
1692781201,0,40459,9
1692784801,3,65714,19
1692788401,0,41976,8
1692792002,0,41976,8
1692799201,0,41976,8
1692802801,3,69514,15
1692806401,3.6,72048,14
1692810001,0,41976,8
1692813601,0,41976,8
1692817201,8.4,59784,32
1692820801,12.6,66319,20
1692824401,0,40459,9
1692828002,21.6,61030,58
1692831602,2.4,69049,15
1692835202,2.4,70810,14
1692838801,0,41976,8
1692842401,0,41949,10
1692846001,5.4,84749,19
1692849601,0,41976,8
1692853202,0,41976,8
1692856801,0.6,42014,26
1692860402,0.6,42016,26
1692864001,0,41976,8
1692867601,0,40459,9
1692871202,0,41976,8
1692878401,0,41976,8
1692882001,3.6,73554,13
1692885601,0,41976,8
1692889202,0,41976,8
1692892801,0,41976,8
1692896402,0,41976,8
1692900002,24,74526,56
1692903601,33,56018,115
